 #  time , Temp
   9.9999997473787516E-005   33.602882388541396     
   1.9999999494757503E-004   33.605088106119894     
   2.9999999242136255E-004   33.608782046746157     
   3.9999998989515007E-004   33.613977332519966     
   4.9999998736893758E-004   33.620685793589040     
   5.9999998484272510E-004   33.628917911057435     
   6.9999998231651261E-004   33.638682760723349     
   7.9999997979030013E-004   33.649987957906525     
   8.9999997726408765E-004   33.662839603637288     
   9.9999997473787516E-004   33.677242232490514     
   1.0999999722116627E-003   33.693198762359131     
   1.1999999696854502E-003   33.710710446469989     
   1.2999999671592377E-003   33.729776827952421     
   1.3999999646330252E-003   33.750395697274861     
   1.4999999621068127E-003   33.772563052867980     
   1.5999999595806003E-003   33.796273065254368     
   1.6999999570543878E-003   33.821518045001696     
   1.7999999545281753E-003   33.848288414812131     
   1.8999999520019628E-003   33.876572686054502     
   1.9999999494757503E-003   33.906357440032750     
   2.0999999469495378E-003   33.937627314273229     
   2.1999999444233254E-003   33.970364994094432     
   2.2999999418971129E-003   34.004551209703727     
   2.3999999393709004E-003   34.040164739042176     
   2.4999999368446879E-003   34.077182416571198     
   2.5999999343184754E-003   34.115579148168138     
   2.6999999317922629E-003   34.155327932261038     
   2.7999999292660505E-003   34.196399887302817     
   2.8999999267398380E-003   34.238764285644208     
   2.9999999242136255E-003   34.282388593827939     
   3.0999999216874130E-003   34.327238519283874     
   3.1999999191612005E-003   34.373278063364587     
   3.2999999166349880E-003   34.420469580615148     
   3.3999999141087756E-003   34.468773844130745     
   3.4999999115825631E-003   34.518150116809480     
   3.5999999090563506E-003   34.568556228266267     
   3.6999999065301381E-003   34.619948657132532     
   3.7999999040039256E-003   34.672282618425172     
   3.8999999014777131E-003   34.725512155630597     
   3.9999998989515007E-003   34.779590237115059     
   4.0999998964252882E-003   34.834468856437603     
   4.1999998938990757E-003   34.890099136116213     
   4.2999998913728632E-003   34.946431434368307     
   4.3999998888466507E-003   35.003415454328930     
   4.4999998863204382E-003   35.061000355229240     
   4.5999998837942258E-003   35.119134865008228     
   4.6999998812680133E-003   35.177767393820574     
   4.7999998787418008E-003   35.236846147900074     
   4.8999998762155883E-003   35.296319243239942     
   4.9999998736893758E-003   35.356134818556754     
   5.0999998711631633E-003   35.416241147013913     
   5.1999998686369509E-003   35.476586746197441     
   5.2999998661107384E-003   35.537120485852014     
   5.3999998635845259E-003   35.597791692910789     
   5.4999998610583134E-003   35.658550253376347     
   5.5999998585321009E-003   35.719346710639442     
   5.6999998560058884E-003   35.780132359854356     
   5.7999998534796759E-003   35.840859338021616     
   5.8999998509534635E-003   35.901480709469041     
   5.9999998484272510E-003   35.961950546452499     
   6.0999998459010385E-003   36.022224004643519     
   6.1999998433748260E-003   36.082257393302335     
   6.2999998408486135E-003   36.142008239980882     
   6.3999998383224010E-003   36.201435349632803     
   6.4999998357961886E-003   36.260498858049893     
   6.5999998332699761E-003   36.319160279579336     
   6.6999998307437636E-003   36.377382549112831     
   6.7999998282175511E-003   36.435130058372231     
   6.8999998256913386E-003   36.492368686549518     
   6.9999998231651261E-003   36.549065825388773     
   7.0999998206389137E-003   36.605190398826579     
   7.1999998181127012E-003   36.660712877331896     
   7.2999998155864887E-003   36.715605287111273     
   7.3999998130602762E-003   36.769841214365897     
   7.4999998105340637E-003   36.823395804803688     
   7.5999998080078512E-003   36.876245758627910     
   7.6999998054816388E-003   36.928369321234896     
   7.7999998029554263E-003   36.979746269865181     
   7.8999998004292138E-003   37.030357896461524     
   7.9999997979030013E-003   37.080186986990441     
   8.0999997953767888E-003   37.129217797491670     
   8.1999997928505763E-003   37.177436027118723     
   8.2999997903243639E-003   37.224828788434891     
   8.3999997877981514E-003   37.271384575227309     
   8.4999997852719389E-003   37.317093228096475     
   8.5999997827457264E-003   37.361945898077074     
   8.6999997802195139E-003   37.405935008535131     
   8.7999997776933014E-003   37.449054215583196     
   8.8999997751670890E-003   37.491298367244461     
   8.9999997726408765E-003   37.532663461588044     
   9.0999997701146640E-003   37.573146604046556     
   9.1999997675884515E-003   37.612745964120734     
   9.2999997650622390E-003   37.651460731657941     
   9.3999997625360265E-003   37.689291072886888     
   9.4999997600098141E-003   37.726238086374678     
   9.5999997574836016E-003   37.762303759064075     
   9.6999997549573891E-003   37.797490922534152     
   9.7999997524311766E-003   37.831803209618947     
   9.8999997499049641E-003   37.865245011505245     
   9.9999997473787516E-003   37.897821435420560     
   1.0099999744852539E-002   37.929538263012027     
   1.0199999742326327E-002   37.960401909504760     
   1.0299999739800114E-002   37.990419383719718     
   1.0399999737273902E-002   38.019598249021918     
   1.0499999734747689E-002   38.047946585257371     
   1.0599999732221477E-002   38.075472951733261     
   1.0699999729695264E-002   38.102186351283109     
   1.0799999727169052E-002   38.128096195453857     
   1.0899999724642839E-002   38.153212270843092     
   1.0999999722116627E-002   38.177544706607314     
   1.1099999719590414E-002   38.201103943175795     
   1.1199999717064202E-002   38.223900702190264     
   1.1299999714537989E-002   38.245945957429655     
   1.1399999712011777E-002   38.267250907196058     
   1.1499999709485564E-002   38.287826947821152     
   1.1599999706959352E-002   38.307685648341881     
   1.1699999704433139E-002   38.326838726349422     
   1.1799999701906927E-002   38.345298024994413     
   1.1899999699380714E-002   38.363075491131120     
   1.1999999696854502E-002   38.380183154577452     
   1.2099999694328289E-002   38.396633108467761     
   1.2199999691802077E-002   38.412437490672708     
   1.2299999689275865E-002   38.427608466258611     
   1.2399999686749652E-002   38.442158210959001     
   1.2499999684223440E-002   38.456098895625551     
   1.2599999681697227E-002   38.469442671632315     
   1.2699999679171015E-002   38.482201657197216     
   1.2799999676644802E-002   38.494387924593042     
   1.2899999674118590E-002   38.506013488213213     
   1.2999999671592377E-002   38.517090293461905     
   1.3099999669066165E-002   38.527630206434722     
   1.3199999666539952E-002   38.537645004360627     
   1.3299999664013740E-002   38.547146366769212     
   1.3399999661487527E-002   38.556145867356264     
   1.3499999658961315E-002   38.564654966513913     
   1.3599999656435102E-002   38.572685004495590     
   1.3699999653908890E-002   38.580247195186281     
   1.3799999651382677E-002   38.587352620449018     
   1.3899999648856465E-002   38.594012225017742     
   1.3999999646330252E-002   38.600236811911401     
   1.4099999643804040E-002   38.606037038338926     
   1.4199999641277827E-002   38.611423412072341     
   1.4299999638751615E-002   38.616406288259803     
   1.4399999636225402E-002   38.620995866699232     
   1.4499999633699190E-002   38.625202189614200     
   1.4599999631172977E-002   38.629035139219212     
   1.4699999628646765E-002   38.632504436253612     
   1.4799999626120552E-002   38.635619638693456     
   1.4899999623594340E-002   38.638390140726614     
   1.4999999621068127E-002   38.640825172015340     
   1.5099999618541915E-002   38.642933797227897     
   1.5199999616015702E-002   38.644724915820952     
   1.5299999613489490E-002   38.646207262056137     
   1.5399999610963278E-002   38.647389405234080     
   1.5499999608437065E-002   38.648279750130968     
   1.5599999605910853E-002   38.648886537622403     
   1.5699999603384640E-002   38.649217845481274     
   1.5799999600858428E-002   38.649281589335061     
   1.5899999598332215E-002   38.649085523771255     
   1.5999999595806003E-002   38.648637243578371     
   1.6099999593279790E-002   38.647944185110696     
   1.6199999590753578E-002   38.647013627767024     
   1.6299999588227365E-002   38.645852695572081     
   1.6399999585701153E-002   38.644468358852386     
   1.6499999583174940E-002   38.642867435995477     
   1.6599999580648728E-002   38.641056595286919     
   1.6699999578122515E-002   38.639042356813476     
   1.6799999575596303E-002   38.636831094427770     
   1.6899999573070090E-002   38.634429037766090     
   1.6999999570543878E-002   38.631842274312824     
   1.7099999568017665E-002   38.629076751504570     
   1.7199999565491453E-002   38.626138278869597     
   1.7299999562965240E-002   38.623032530195751     
   1.7399999560439028E-002   38.619765045722183     
   1.7499999557912815E-002   38.616341234350472     
   1.7599999555386603E-002   38.612766375869434     
   1.7699999552860390E-002   38.609045623191150     
   1.7799999550334178E-002   38.605184004593227     
   1.7899999547807965E-002   38.601186425963569     
   1.7999999545281753E-002   38.597057673045505     
   1.8099999542755540E-002   38.592802413678108     
   1.8199999540229328E-002   38.588425200031466     
   1.8299999537703115E-002   38.583930470832243     
   1.8399999535176903E-002   38.579322553577704     
   1.8499999532650691E-002   38.574605666736140     
   1.8599999530124478E-002   38.569783921932320     
   1.8699999527598266E-002   38.564861326114077     
   1.8799999525072053E-002   38.559841783700577     
   1.8899999522545841E-002   38.554729098709345     
   1.8999999520019628E-002   38.549526976861678     
   1.9099999517493416E-002   38.544239027663657     
   1.9199999514967203E-002   38.538868766463366     
   1.9299999512440991E-002   38.533419616482085     
   1.9399999509914778E-002   38.527894910819519     
   1.9499999507388566E-002   38.522297894430764     
   1.9599999504862353E-002   38.516631726076589     
   1.9699999502336141E-002   38.510899480244099     
   1.9799999499809928E-002   38.505104149038885     
   1.9899999497283716E-002   38.499248644047626     
   1.9999999494757503E-002   38.493335798170392     
   2.0099999492231291E-002   38.487368367423976     
   2.0199999489705078E-002   38.481349032713169     
   2.0299999487178866E-002   38.475280401573229     
   2.0399999484652653E-002   38.469165009880506     
   2.0499999482126441E-002   38.463005323532990     
   2.0599999479600228E-002   38.456803740100241     
   2.0699999477074016E-002   38.450562590442580     
   2.0799999474547803E-002   38.444284140306451     
   2.0899999472021591E-002   38.437970591967066     
   2.0999999469495378E-002   38.431624085922209     
   2.1099999466969166E-002   38.425246701879495     
   2.1199999464442953E-002   38.418840460383407     
   2.1299999461916741E-002   38.412407324341636     
   2.1399999459390529E-002   38.405949200441611     
   2.1499999456864316E-002   38.399467940530286     
   2.1599999454338104E-002   38.392965342965553     
   2.1699999451811891E-002   38.386443153939126     
   2.1799999449285679E-002   38.379903068771377     
   2.1899999446759466E-002   38.373346733178003     
   2.1999999444233254E-002   38.366775744510086     
   2.2099999441707041E-002   38.360191652966527     
   2.2199999439180829E-002   38.353595962780076     
   2.2299999436654616E-002   38.346990133377481     
   2.2399999434128404E-002   38.340375580512990     
   2.2499999431602191E-002   38.333753677377388     
   2.2599999429075979E-002   38.327125755681507     
   2.2699999426549766E-002   38.320493106715162     
   2.2799999424023554E-002   38.313856982382312     
   2.2899999421497341E-002   38.307218596211676     
   2.2999999418971129E-002   38.300579124345276     
   2.3099999416444916E-002   38.293939706502620     
   2.3199999413918704E-002   38.287301446923536     
   2.3299999411392491E-002   38.280665415288674     
   2.3399999408866279E-002   38.274032647617744     
   2.3499999406340066E-002   38.267404147147808     
   2.3599999403813854E-002   38.260780885188879     
   2.3699999401287641E-002   38.254163801961489     
   2.3799999398761429E-002   38.247553807411869     
   2.3899999396235216E-002   38.240951782009802     
   2.3999999393709004E-002   38.234358577525036     
   2.4099999391182791E-002   38.227775017787110     
   2.4199999388656579E-002   38.221201899425068     
   2.4299999386130366E-002   38.214639992590335     
   2.4399999383604154E-002   38.208090041660967     
   2.4499999381077942E-002   38.201552765929790     
   2.4599999378551729E-002   38.195028860274746     
   2.4699999376025517E-002   38.188518995813311     
   2.4799999373499304E-002   38.182023820540323     
   2.4899999370973092E-002   38.175543959950325     
   2.4999999368446879E-002   38.169080017645072     
   2.5099999365920667E-002   38.162632575924206     
   2.5199999363394454E-002   38.156202196363431     
   2.5299999360868242E-002   38.149789420376727     
   2.5399999358342029E-002   38.143394769764903     
   2.5499999355815817E-002   38.137018747250551     
   2.5599999353289604E-002   38.130661836999963     
   2.5699999350763392E-002   38.124324505130645     
   2.5799999348237179E-002   38.118007200207636     
   2.5899999345710967E-002   38.111710353726174     
   2.5999999343184754E-002   38.105434380582508     
   2.6099999340658542E-002   38.099179679532917     
   2.6199999338132329E-002   38.092946633641020     
   2.6299999335606117E-002   38.086735610713582     
   2.6399999333079904E-002   38.080546963725318     
   2.6499999330553692E-002   38.074381031232974     
   2.6599999328027479E-002   38.068238137778714     
   2.6699999325501267E-002   38.062118594283191     
   2.6799999322975054E-002   38.056022698428684     
   2.6899999320448842E-002   38.049950735032283     
   2.6999999317922629E-002   38.043902976409534     
   2.7099999315396417E-002   38.037879682728814     
   2.7199999312870204E-002   38.031881102356650     
   2.7299999310343992E-002   38.025907472193801     
   2.7399999307817779E-002   38.019959018002943     
   2.7499999305291567E-002   38.014035954728108     
   2.7599999302765355E-002   38.008138486805471     
   2.7699999300239142E-002   38.002266808466203     
   2.7799999297712930E-002   37.996421104031477     
   2.7899999295186717E-002   37.990601548200132     
   2.7999999292660505E-002   37.984808306328517     
   2.8099999290134292E-002   37.979041534702944     
   2.8199999287608080E-002   37.973301380805609     
   2.8299999285081867E-002   37.967587983572990     
   2.8399999282555655E-002   37.961901473648169     
   2.8499999280029442E-002   37.956241973625623     
   2.8599999277503230E-002   37.950609598290761     
   2.8699999274977017E-002   37.945004454852274     
   2.8799999272450805E-002   37.939426643168908     
   2.8899999269924592E-002   37.933876255970290     
   2.8999999267398380E-002   37.928353379071403     
   2.9099999264872167E-002   37.922858091582533     
   2.9199999262345955E-002   37.917390466112543     
   2.9299999259819742E-002   37.911950568967328     
   2.9399999257293530E-002   37.906538460343484     
   2.9499999254767317E-002   37.901154194515897     
   2.9599999252241105E-002   37.895797820021251     
   2.9699999249714892E-002   37.890469379836446     
   2.9799999247188680E-002   37.885168911551951     
   2.9899999244662467E-002   37.879896447540986     
   2.9999999242136255E-002   37.874652015124219     
   3.0099999239610042E-002   37.869435636730081     
   3.0199999237083830E-002   37.864247330050368     
   3.0299999234557617E-002   37.859087108192654     
   3.0399999232031405E-002   37.853954979827535     
   3.0499999229505192E-002   37.848850949333098     
   3.0599999226978980E-002   37.843775016934515     
   3.0699999224452768E-002   37.838727178840998     
   3.0799999221926555E-002   37.833707427377810     
   3.0899999219400343E-002   37.828715751116071     
   3.0999999216874130E-002   37.823752134998188     
   3.1099999214347918E-002   37.818816560460490     
   3.1199999211821705E-002   37.813909005552013     
   3.1299999209295493E-002   37.809029445050605     
   3.1399999206769280E-002   37.804177850576103     
   3.1499999204243068E-002   37.799354190699589     
   3.1599999201716855E-002   37.794558431050376     
   3.1699999199190643E-002   37.789790534420455     
   3.1799999196664430E-002   37.785050460865257     
   3.1899999194138218E-002   37.780338167802199     
   3.1999999191612005E-002   37.775653610106538     
   3.2099999189085793E-002   37.770996740204751     
   3.2199999186559580E-002   37.766367508165125     
   3.2299999184033368E-002   37.761765861786067     
   3.2399999181507155E-002   37.757191746681983     
   3.2499999178980943E-002   37.752645106366799     
   3.2599999176454730E-002   37.748125882335451     
   3.2699999173928518E-002   37.743634014142735     
   3.2799999171402305E-002   37.739169439480271     
   3.2899999168876093E-002   37.734732094251505     
   3.2999999166349880E-002   37.730321912644442     
   3.3099999163823668E-002   37.725938827202519     
   3.3199999161297455E-002   37.721582768893214     
   3.3299999158771243E-002   37.717253667175491     
   3.3399999156245030E-002   37.712951450064573     
   3.3499999153718818E-002   37.708676044195535     
   3.3599999151192605E-002   37.704427374884766     
   3.3699999148666393E-002   37.700205366190360     
   3.3799999146140181E-002   37.696009940969738     
   3.3899999143613968E-002   37.691841020936629     
   3.3999999141087756E-002   37.687698526716595     
   3.4099999138561543E-002   37.683582377899846     
   3.4199999136035331E-002   37.679492493093896     
   3.4299999133509118E-002   37.675428789974092     
   3.4399999130982906E-002   37.671391185332801     
   3.4499999128456693E-002   37.667379595127137     
   3.4599999125930481E-002   37.663393934525978     
   3.4699999123404268E-002   37.659434117954667     
   3.4799999120878056E-002   37.655500059139193     
   3.4899999118351843E-002   37.651591671149042     
   3.4999999115825631E-002   37.647708866438634     
   3.5099999113299418E-002   37.643851556887498     
   3.5199999110773206E-002   37.640019653839822     
   3.5299999108246993E-002   37.636213068142396     
   3.5399999105720781E-002   37.632431710181514     
   3.5499999103194568E-002   37.628675489919274     
   3.5599999100668356E-002   37.624944316928072     
   3.5699999098142143E-002   37.621238100425167     
   3.5799999095615931E-002   37.617556749305130     
   3.5899999093089718E-002   37.613900172172023     
   3.5999999090563506E-002   37.610268277370608     
   3.6099999088037293E-002   37.606660973016645     
   3.6199999085511081E-002   37.603078167025849     
   3.6299999082984868E-002   37.599519767142866     
   3.6399999080458656E-002   37.595985680968738     
   3.6499999077932443E-002   37.592475815987491     
   3.6599999075406231E-002   37.588990079592769     
   3.6699999072880019E-002   37.585528379112560     
   3.6799999070353806E-002   37.582090621834183     
   3.6899999067827594E-002   37.578676715027996     
   3.6999999065301381E-002   37.575286565970501     
   3.7099999062775169E-002   37.571920081966724     
   3.7199999060248956E-002   37.568577170372151     
   3.7299999057722744E-002   37.565257738613916     
   3.7399999055196531E-002   37.561961691058727     
   3.7499999052670319E-002   37.558688935191860     
   3.7599999050144106E-002   37.555439381923058     
   3.7699999047617894E-002   37.552212939310365     
   3.7799999045091681E-002   37.549009515443579     
   3.7899999042565469E-002   37.545829018588378     
   3.7999999040039256E-002   37.542671357212967     
   3.8099999037513044E-002   37.539536440005357     
   3.8199999034986831E-002   37.536424175892130     
   3.8299999032460619E-002   37.533334474047024     
   3.8399999029934406E-002   37.530267243908874     
   3.8499999027408194E-002   37.527222395196631     
   3.8599999024881981E-002   37.524199837923554     
   3.8699999022355769E-002   37.521199482410893     
   3.8799999019829556E-002   37.518221239300807     
   3.8899999017303344E-002   37.515265019569760     
   3.8999999014777131E-002   37.512330734540072     
   3.9099999012250919E-002   37.509418295892750     
   3.9199999009724706E-002   37.506527615678309     
   3.9299999007198494E-002   37.503658606328635     
   3.9399999004672281E-002   37.500811180667263     
   3.9499999002146069E-002   37.497985251920177     
   3.9599998999619856E-002   37.495180733725959     
   3.9699998997093644E-002   37.492397540145369     
   3.9799998994567432E-002   37.489635585670953     
   3.9899998992041219E-002   37.486894785236238     
   3.9999998989515007E-002   37.484175054224153     
   4.0099998986988794E-002   37.481476308476289     
   4.0199998984462582E-002   37.478798464300340     
   4.0299998981936369E-002   37.476141438478493     
   4.0399998979410157E-002   37.473505148274931     
   4.0499998976883944E-002   37.470889511443218     
   4.0599998974357732E-002   37.468294446233507     
   4.0699998971831519E-002   37.465719871399187     
   4.0799998969305307E-002   37.463165706203654     
   4.0899998966779094E-002   37.460631870426539     
   4.0999998964252882E-002   37.458118284370109     
   4.1099998961726669E-002   37.455624868864533     
   4.1199998959200457E-002   37.453151545274302     
   4.1299998956674244E-002   37.450698235541253     
   4.1399998954148032E-002   37.448264862342633     
   4.1499998951621819E-002   37.445851348717426     
   4.1599998949095607E-002   37.443457618244594     
   4.1699998946569394E-002   37.441083595110726     
   4.1799998944043182E-002   37.438729204003508     
   4.1899998941516969E-002   37.436394370166276     
   4.1999998938990757E-002   37.434079019414050     
   4.2099998936464544E-002   37.431783078137492     
   4.2199998933938332E-002   37.429506473306510     
   4.2299998931412119E-002   37.427249132473655     
   4.2399998928885907E-002   37.425010983777696     
   4.2499998926359694E-002   37.422791955946792     
   4.2599998923833482E-002   37.420591978301374     
   4.2699998921307269E-002   37.418410980757237     
   4.2799998918781057E-002   37.416248893828232     
   4.2899998916254845E-002   37.414105648628677     
   4.2999998913728632E-002   37.411981176876168     
   4.3099998911202420E-002   37.409875410893491     
   4.3199998908676207E-002   37.407788283611190     
   4.3299998906149995E-002   37.405719728569387     
   4.3399998903623782E-002   37.403669679923986     
   4.3499998901097570E-002   37.401638072465346     
   4.3599998898571357E-002   37.399624841578110     
   4.3699998896045145E-002   37.397629923259117     
   4.3799998893518932E-002   37.395653254123275     
   4.3899998890992720E-002   37.393694771404938     
   4.3999998888466507E-002   37.391754412959266     
   4.4099998885940295E-002   37.389832117262756     
   4.4199998883414082E-002   37.387927823415019     
   4.4299998880887870E-002   37.386041471139087     
   4.4399998878361657E-002   37.384173000782553     
   4.4499998875835445E-002   37.382322353318195     
   4.4599998873309232E-002   37.380489470344457     
   4.4699998870783020E-002   37.378674294086132     
   4.4799998868256807E-002   37.376876767394670     
   4.4899998865730595E-002   37.375096833748501     
   4.4999998863204382E-002   37.373334437253476     
   4.5099998860678170E-002   37.371589522642537     
   4.5199998858151957E-002   37.369862035276334     
   4.5299998855625745E-002   37.368151921142960     
   4.5399998853099532E-002   37.366459126857585     
   4.5499998850573320E-002   37.364783599662623     
   4.5599998848047107E-002   37.363125287427515     
   4.5699998845520895E-002   37.361484138647818     
   4.5799998842994682E-002   37.359860102445388     
   4.5899998840468470E-002   37.358253128567469     
   4.5999998837942258E-002   37.356663167386252     
   4.6099998835416045E-002   37.355090169898247     
   4.6199998832889833E-002   37.353534087723375     
   4.6299998830363620E-002   37.351994873104289     
   4.6399998827837408E-002   37.350472478905282     
   4.6499998825311195E-002   37.348966858611533     
   4.6599998822784983E-002   37.347477966327872     
   4.6699998820258770E-002   37.346005756777792     
   4.6799998817732558E-002   37.344550185302182     
   4.6899998815206345E-002   37.343111207857945     
   4.6999998812680133E-002   37.341688781016764     
   4.7099998810153920E-002   37.340282861963750     
   4.7199998807627708E-002   37.338893408495920     
   4.7299998805101495E-002   37.337520379020233     
   4.7399998802575283E-002   37.336163732552521     
   4.7499998800049070E-002   37.334823428715453     
   4.7599998797522858E-002   37.333499427736776     
   4.7699998794996645E-002   37.332191690447473     
   4.7799998792470433E-002   37.330900178279769     
   4.7899998789944220E-002   37.329624853265180     
   4.7999998787418008E-002   37.328365678032370     
   4.8099998784891795E-002   37.327122615804861     
   4.8199998782365583E-002   37.325895630399017     
   4.8299998779839370E-002   37.324684686221445     
   4.8399998777313158E-002   37.323489748266923     
   4.8499998774786945E-002   37.322310782115423     
   4.8599998772260733E-002   37.321147753929900     
   4.8699998769734520E-002   37.320000630453592     
   4.8799998767208308E-002   37.318869379007097     
   4.8899998764682095E-002   37.317753967485672     
   4.8999998762155883E-002   37.316654364356218     
   4.9099998759629671E-002   37.315570538654541     
   4.9199998757103458E-002   37.314502459981838     
   4.9299998754577246E-002   37.313450098501782     
   4.9399998752051033E-002   37.312413424190687     
   4.9499998749524821E-002   37.311392408327158     
   4.9599998746998608E-002   37.310387023489341     
   4.9699998744472396E-002   37.309397242056853     
   4.9799998741946183E-002   37.308423036953833     
   4.9899998739419971E-002   37.307464381646135     
   4.9999998736893758E-002   37.306521250136520     
   5.0099998734367546E-002   37.305593616961481     
   5.0199998731841333E-002   37.304681457186270     
   5.0299998729315121E-002   37.303784729727987     
   5.0399998726788908E-002   37.302903410700047     
   5.0499998724262696E-002   37.302037493425445     
   5.0599998721736483E-002   37.301186955043050     
   5.0699998719210271E-002   37.300351773198976     
   5.0799998716684058E-002   37.299531926041048     
   5.0899998714157846E-002   37.298727392214410     
   5.0999998711631633E-002   37.297938150856190     
   5.1099998709105421E-002   37.297164181590169     
   5.1199998706579208E-002   37.296405464521534     
   5.1299998704052996E-002   37.295661980231600     
   5.1399998701526783E-002   37.294933709771527     
   5.1499998699000571E-002   37.294220634657094     
   5.1599998696474358E-002   37.293522736862364     
   5.1699998693948146E-002   37.292839998813768     
   5.1799998691421933E-002   37.292172403383717     
   5.1899998688895721E-002   37.291519933883826     
   5.1999998686369509E-002   37.290882574059104     
   5.2099998683843296E-002   37.290260308080022     
   5.2199998681317084E-002   37.289653120536393     
   5.2299998678790871E-002   37.289060996429789     
   5.2399998676264659E-002   37.288483921166218     
   5.2499998673738446E-002   37.287921880548467     
   5.2599998671212234E-002   37.287374860768509     
   5.2699998668686021E-002   37.286842848399267     
   5.2799998666159809E-002   37.286325830386637     
   5.2899998663633596E-002   37.285823794040802     
   5.2999998661107384E-002   37.285336727027790     
   5.3099998658581171E-002   37.284864617360469     
   5.3199998656054959E-002   37.284407453389541     
   5.3299998653528746E-002   37.283965223793864     
   5.3399998651002534E-002   37.283537917571159     
   5.3499998648476321E-002   37.283125524027994     
   5.3599998645950109E-002   37.282728032769619     
   5.3699998643423896E-002   37.282345433689478     
   5.3799998640897684E-002   37.281977716958643     
   5.3899998638371471E-002   37.281624873014607     
   5.3999998635845259E-002   37.281286892550320     
   5.4099998633319046E-002   37.280963766502182     
   5.4199998630792834E-002   37.280655486038512     
   5.4299998628266621E-002   37.280362042547026     
   5.4399998625740409E-002   37.280083427622394     
   5.4499998623214196E-002   37.279819633053435     
   5.4599998620687984E-002   37.279570650809610     
   5.4699998618161771E-002   37.279336473027634     
   5.4799998615635559E-002   37.279117091997534     
   5.4899998613109346E-002   37.278912500148039     
   5.4999998610583134E-002   37.278722690032112     
   5.5099998608056922E-002   37.278547654311630     
   5.5199998605530709E-002   37.278387385741951     
   5.5299998603004497E-002   37.278241877155928     
   5.5399998600478284E-002   37.278111121447452     
   5.5499998597952072E-002   37.277995111554553     
   5.5599998595425859E-002   37.277893840442552     
   5.5699998592899647E-002   37.277807301085659     
   5.5799998590373434E-002   37.277735486449089     
   5.5899998587847222E-002   37.277678389470488     
   5.5999998585321009E-002   37.277636003040421     
   5.6099998582794797E-002   37.277608319982598     
   5.6199998580268584E-002   37.277595333033858     
   5.6299998577742372E-002   37.277597034823273     
   5.6399998575216159E-002   37.277613417850631     
   5.6499998572689947E-002   37.277644474464573     
   5.6599998570163734E-002   37.277690196840197     
   5.6699998567637522E-002   37.277750576955661     
   5.6799998565111309E-002   37.277825606568513     
   5.6899998562585097E-002   37.277915277191546     
   5.6999998560058884E-002   37.278019580067301     
   5.7099998557532672E-002   37.278138506142753     
   5.7199998555006459E-002   37.278272046042808     
   5.7299998552480247E-002   37.278420190043043     
   5.7399998549954034E-002   37.278582928042034     
   5.7499998547427822E-002   37.278760249532972     
   5.7599998544901609E-002   37.278952143574038     
   5.7699998542375397E-002   37.279158598758322     
   5.7799998539849184E-002   37.279379603183301     
   5.7899998537322972E-002   37.279615144418919     
   5.7999998534796759E-002   37.279865209474892     
   5.8099998532270547E-002   37.280129784767681     
   5.8199998529744335E-002   37.280408856086083     
   5.8299998527218122E-002   37.280702408555811     
   5.8399998524691910E-002   37.281010426603977     
   5.8499998522165697E-002   37.281332893921494     
   5.8599998519639485E-002   37.281669793425728     
   5.8699998517113272E-002   37.282021107220764     
   5.8799998514587060E-002   37.282386816558024     
   5.8899998512060847E-002   37.282766901795107     
   5.8999998509534635E-002   37.283161342353750     
   5.9099998507008422E-002   37.283570116676451     
   5.9199998504482210E-002   37.283993202182394     
   5.9299998501955997E-002   37.284430575221968     
   5.9399998499429785E-002   37.284882211030357     
   5.9499998496903572E-002   37.285348083679565     
   5.9599998494377360E-002   37.285828166029503     
   5.9699998491851147E-002   37.286322429677966     
   5.9799998489324935E-002   37.286830844908899     
   5.9899998486798722E-002   37.287353380639694     
   5.9999998484272510E-002   37.287890004367142     
   6.0099998481746297E-002   37.288440682111649     
   6.0199998479220085E-002   37.289005378360997     
   6.0299998476693872E-002   37.289584056011314     
   6.0399998474167660E-002   37.290176676307865     
   6.0499998471641447E-002   37.290783198890146     
   6.0599998469115235E-002   37.291403582155766     
   6.0699998466589022E-002   37.292037782133555     
   6.0799998464062810E-002   37.292685752841265     
   6.0899998461536597E-002   37.293347446324141     
   6.0999998459010385E-002   37.294022812585801     
   6.1099998456484172E-002   37.294711799517415     
   6.1199998453957960E-002   37.295414352825354     
   6.1299998451431748E-002   37.296130415956966     
   6.1399998448905535E-002   37.296859930024361     
   6.1499998446379323E-002   37.297602833726792     
   6.1599998443853110E-002   37.298359063270993     
   6.1699998441326898E-002   37.299128552289638     
   6.1799998438800685E-002   37.299911231757690     
   6.1899998436274473E-002   37.300707029907393     
   6.1999998433748260E-002   37.301515872140520     
   6.2099998431222048E-002   37.302337680939097     
   6.2199998428695835E-002   37.303172375774345     
   6.2299998426169623E-002   37.304019873012358     
   6.2399998423643410E-002   37.304880085819129     
   6.2499998421117198E-002   37.305752924062624     
   6.2599998418590985E-002   37.306638294212370     
   6.2699998416064773E-002   37.307536099237929     
   6.2799998413538560E-002   37.308446238503855     
   6.2899998411012348E-002   37.309368607663167     
   6.2999998408486135E-002   37.310303098548452     
   6.3099998405959923E-002   37.311249599060098     
   6.3199998403433710E-002   37.312207993052787     
   6.3299998400907498E-002   37.313178160219259     
   6.3399998398381285E-002   37.314159975971705     
   6.3499998395855073E-002   37.315153311320330     
   6.3599998393328860E-002   37.316158032750344     
   6.3699998390802648E-002   37.317174002095619     
   6.3799998388276435E-002   37.318201076410013     
   6.3899998385750223E-002   37.319239107836204     
   6.3999998383224010E-002   37.320287943472053     
   6.4099998380697798E-002   37.321347425234293     
   6.4199998378171586E-002   37.322417389719469     
   6.4299998375645373E-002   37.323497668062537     
   6.4399998373119161E-002   37.324588085792442     
   6.4499998370592948E-002   37.325688462685619     
   6.4599998368066736E-002   37.326798612616443     
   6.4699998365540523E-002   37.327918343404939     
   6.4799998363014311E-002   37.329047456662416     
   6.4899998360488098E-002   37.330185747633791     
   6.4999998357961886E-002   37.331333005037834     
   6.5099998355435673E-002   37.332489010904645     
   6.5199998352909461E-002   37.333653540410197     
   6.5299998350383248E-002   37.334826361708927     
   6.5399998347857036E-002   37.336007235763425     
   6.5499998345330823E-002   37.337195916171538     
   6.5599998342804611E-002   37.338392148991488     
   6.5699998340278398E-002   37.339595672563881     
   6.5799998337752186E-002   37.340806217332165     
   6.5899998335225973E-002   37.342023505660066     
   6.5999998332699761E-002   37.343247251647284     
   6.6099998330173548E-002   37.344477160942937     
   6.6199998327647336E-002   37.345712930556807     
   6.6299998325121123E-002   37.346954248668723     
   6.6399998322594911E-002   37.348200794436046     
   6.6499998320068698E-002   37.349452237799603     
   6.6599998317542486E-002   37.350708239287691     
   6.6699998315016273E-002   37.351968449818855     
   6.6799998312490061E-002   37.353232510502934     
   6.6899998309963848E-002   37.354500052441821     
   6.6999998307437636E-002   37.355770696528033     
   6.7099998304911423E-002   37.357044053243314     
   6.7199998302385211E-002   37.358319722456493     
   6.7299998299858999E-002   37.359597293220858     
   6.7399998297332786E-002   37.360876343571150     
   6.7499998294806574E-002   37.362156440321080     
   6.7599998292280361E-002   37.363437138860931     
   6.7699998289754149E-002   37.364717982956172     
   6.7799998287227936E-002   37.365998504546440     
   6.7899998284701724E-002   37.367278223546393     
   6.7999998282175511E-002   37.368556647648106     
   6.8099998279649299E-002   37.369833272125099     
   6.8199998277123086E-002   37.371107579639386     
   6.8299998274596874E-002   37.372379040051079     
   6.8399998272070661E-002   37.373647110231175     
   6.8499998269544449E-002   37.374911233878230     
   6.8599998267018236E-002   37.376170841339579     
   6.8699998264492024E-002   37.377425349437033     
   6.8799998261965811E-002   37.378674161298036     
   6.8899998259439599E-002   37.379916666192869     
   6.8999998256913386E-002   37.381152239378714     
   6.9099998254387174E-002   37.382380241950536     
   6.9199998251860961E-002   37.383600020699852     
   6.9299998249334749E-002   37.384810907983450     
   6.9399998246808536E-002   37.386012221599827     
   6.9499998244282324E-002   37.387203264677247     
   6.9599998241756111E-002   37.388383325572669     
   6.9699998239229899E-002   37.389551677782180     
   6.9799998236703686E-002   37.390707579865641     
   6.9899998234177474E-002   37.391850275383902     
   6.9999998231651261E-002   37.392978992852520     
   7.0099998229125049E-002   37.394092945710511     
   7.0199998226598836E-002   37.395191332306766     
   7.0299998224072624E-002   37.396273335905299     
   7.0399998221546412E-002   37.397338124709613     
   7.0499998219020199E-002   37.398384851908283     
   7.0599998216493987E-002   37.399412655743319     
   7.0699998213967774E-002   37.400420659601174     
   7.0799998211441562E-002   37.401407972130343     
   7.0899998208915349E-002   37.402373687384504     
   7.0999998206389137E-002   37.403316884994560     
   7.1099998203862924E-002   37.404236630370541     
   7.1199998201336712E-002   37.405131974934640     
   7.1299998198810499E-002   37.406001956388387     
   7.1399998196284287E-002   37.406845599014254     
   7.1499998193758074E-002   37.407661914014284     
   7.1599998191231862E-002   37.408449899888495     
   7.1699998188705649E-002   37.409208542852980     
   7.1799998186179437E-002   37.409936817301926     
   7.1899998183653224E-002   37.410633686314199     
   7.1999998181127012E-002   37.411298102207077     
   7.2099998178600799E-002   37.411929007139740     
   7.2199998176074587E-002   37.412525333767910     
   7.2299998173548374E-002   37.413086005952849     
   7.2399998171022162E-002   37.413609939526445     
   7.2499998168495949E-002   37.414096043114732     
   7.2599998165969737E-002   37.414543219023095     
   7.2699998163443524E-002   37.414950364184392     
   7.2799998160917312E-002   37.415316371173553     
   7.2899998158391099E-002   37.415640129290409     
   7.2999998155864887E-002   37.415920525713794     
   7.3099998153338674E-002   37.416156446729005     
   7.3199998150812462E-002   37.416346779031855     
   7.3299998148286249E-002   37.416490411110921     
   7.3399998145760037E-002   37.416586234710920     
   7.3499998143233825E-002   37.416633146380391     
   7.3599998140707612E-002   37.416630049104768     
   7.3699998138181400E-002   37.416575854028395     
   7.3799998135655187E-002   37.416469482267232     
   7.3899998133128975E-002   37.416309866814792     
   7.3999998130602762E-002   37.416095954543202     
   7.4099998128076550E-002   37.415826708301914     
   7.4199998125550337E-002   37.415501109115702     
   7.4299998123024125E-002   37.415118158483445     
   7.4399998120497912E-002   37.414676880780227     
   7.4499998117971700E-002   37.414176325763314     
   7.4599998115445487E-002   37.413615571183811     
   7.4699998112919275E-002   37.412993725505252     
   7.4799998110393062E-002   37.412309930728838     
   7.4899998107866850E-002   37.411563365327368     
   7.4999998105340637E-002   37.410753247286912     
   7.5099998102814425E-002   37.409878837256997     
   7.5199998100288212E-002   37.408939441808172     
   7.5299998097762000E-002   37.407934416796351     
   7.5399998095235787E-002   37.406863170833354     
   7.5499998092709575E-002   37.405725168861174     
   7.5599998090183362E-002   37.404519935827878     
   7.5699998087657150E-002   37.403247060463791     
   7.5799998085130937E-002   37.401906199152904     
   7.5899998082604725E-002   37.400497079897299     
   7.5999998080078512E-002   37.399019506369967     
   7.6099998077552300E-002   37.397473362050455     
   7.6199998075026087E-002   37.395858614439206     
   7.6299998072499875E-002   37.394175319342708     
   7.6399998069973662E-002   37.392423625223408     
   7.6499998067447450E-002   37.390603777607446     
   7.6599998064921238E-002   37.388716123539815     
   7.6699998062395025E-002   37.386761116080052     
   7.6799998059868813E-002   37.384739318826206     
   7.6899998057342600E-002   37.382651410458237     
   7.6999998054816388E-002   37.380498189287636     
   7.7099998052290175E-002   37.378280577801824     
   7.7199998049763963E-002   37.375999627189074     
   7.7299998047237750E-002   37.373656521830192     
   7.7399998044711538E-002   37.371252583741963     
   7.7499998042185325E-002   37.368789276955596     
   7.7599998039659113E-002   37.366268211814408     
   7.7699998037132900E-002   37.363691149172311     
   7.7799998034606688E-002   37.361060004474801     
   7.7899998032080475E-002   37.358376851703291     
   7.7999998029554263E-002   37.355643927163108     
   7.8099998027028050E-002   37.352863633093847     
   7.8199998024501838E-002   37.350038541081290     
   7.8299998021975625E-002   37.347171395249099     
   7.8399998019449413E-002   37.344265115207598     
   7.8499998016923200E-002   37.341322798737416     
   7.8599998014396988E-002   37.338347724184345     
   7.8699998011870775E-002   37.335343352542559     
   7.8799998009344563E-002   37.332313329203011     
   7.8899998006818350E-002   37.329261485343359     
   7.8999998004292138E-002   37.326191838936410     
   7.9099998001765925E-002   37.323108595354036     
   7.9199997999239713E-002   37.320016147544578     
   7.9299997996713500E-002   37.316919075761518     
   7.9399997994187288E-002   37.313822146822709     
   7.9499997991661076E-002   37.310730312879777     
   7.9599997989134863E-002   37.307648709678951     
   7.9699997986608651E-002   37.304582654295281     
   7.9799997984082438E-002   37.301537642324703     
   7.9899997981556226E-002   37.298519344519093     
   7.9999997979030013E-002   37.295533602851002     
   8.0099997976503801E-002   37.292586425998692     
   8.0199997973977588E-002   37.289683984242622     
   8.0299997971451376E-002   37.286832603766541     
   8.0399997968925163E-002   37.284038760361433     
   8.0499997966398951E-002   37.281309072530306     
   8.0599997963872738E-002   37.278650293996868     
   8.0699997961346526E-002   37.276069305623487     
   8.0799997958820313E-002   37.273573106746397     
   8.0899997956294101E-002   37.271168805939944     
   8.0999997953767888E-002   37.268863611226372     
   8.1099997951241676E-002   37.266664819747739     
   8.1199997948715463E-002   37.264579806923521     
   8.1299997946189251E-002   37.262616015118915     
   8.1399997943663038E-002   37.260780941852921     
   8.1499997941136826E-002   37.259082127578608     
   8.1599997938610613E-002   37.257527143072117     
   8.1699997936084401E-002   37.256123576468269     
   8.1799997933558188E-002   37.254879019986113     
   8.1899997931031976E-002   37.253801056389563     
   8.1999997928505763E-002   37.252897245230088     
   8.2099997925979551E-002   37.252175108923517     
   8.2199997923453338E-002   37.251642118712098     
   8.2299997920927126E-002   37.251305680568137     
   8.2399997918400913E-002   37.251173121094261     
   8.2499997915874701E-002   37.251251673478649     
   8.2599997913348489E-002   37.251548463563552     
   8.2699997910822276E-002   37.252070496086461     
   8.2799997908296064E-002   37.252824641152401     
   8.2899997905769851E-002   37.253817620997232     
   8.2999997903243639E-002   37.255055997098360     
   8.3099997900717426E-002   37.256546157691538     
   8.3199997898191214E-002   37.258294305747093     
   8.3299997895665001E-002   37.260306447459264     
   8.3399997893138789E-002   37.262588381299153     
   8.3499997890612576E-002   37.265145687678128     
   8.3599997888086364E-002   37.267983719265210     
   8.3699997885560151E-002   37.271107591999233     
   8.3799997883033939E-002   37.274522176831340     
   8.3899997880507726E-002   37.278232092227881     
   8.3999997877981514E-002   37.282241697462254     
   8.4099997875455301E-002   37.286555086714792     
   8.4199997872929089E-002   37.291176083998444     
   8.4299997870402876E-002   37.296108238919743     
   8.4399997867876664E-002   37.301354823280178     
   8.4499997865350451E-002   37.306918828517802     
   8.4599997862824239E-002   37.312802963982321     
   8.4699997860298026E-002   37.319009656031504     
   8.4799997857771814E-002   37.325541047931978     
   8.4899997855245601E-002   37.332399000541564     
   8.4999997852719389E-002   37.339585093744397     
   8.5099997850193176E-002   37.347100628606896     
   8.5199997847666964E-002   37.354946630217043     
   8.5299997845140751E-002   37.363123851164751     
   8.5399997842614539E-002   37.371632775618146     
   8.5499997840088326E-002   37.380473623947012     
   8.5599997837562114E-002   37.389646357841436     
   8.5699997835035902E-002   37.399150685871192     
   8.5799997832509689E-002   37.408986069429545     
   8.5899997829983477E-002   37.419151729072233     
   8.5999997827457264E-002   37.429646651293602     
   8.6099997824931052E-002   37.440469594595939     
   8.6199997822404839E-002   37.451619096706480     
   8.6299997819878627E-002   37.463093481695665     
   8.6399997817352414E-002   37.474890866868080     
   8.6499997814826202E-002   37.487009169830813     
   8.6599997812299989E-002   37.499446115450127     
   8.6699997809773777E-002   37.512199242674342     
   8.6799997807247564E-002   37.525265911194275     
   8.6899997804721352E-002   37.538643307910803     
   8.6999997802195139E-002   37.552328453112636     
   8.7099997799668927E-002   37.566318206362070     
   8.7199997797142714E-002   37.580609272117769     
   8.7299997794616502E-002   37.595198205001516     
   8.7399997792090289E-002   37.610081414699017     
   8.7499997789564077E-002   37.625255170483875     
   8.7599997787037864E-002   37.640715605353193     
   8.7699997784511652E-002   37.656458719768771     
   8.7799997781985439E-002   37.672480385001649     
   8.7899997779459227E-002   37.688776346084602     
   8.7999997776933014E-002   37.705342224379002     
   8.8099997774406802E-002   37.722173519769825     
   8.8199997771880589E-002   37.739265612504177     
   8.8299997769354377E-002   37.756613764694492     
   8.8399997766828164E-002   37.774213121510648     
   8.8499997764301952E-002   37.792058712088199     
   8.8599997761775739E-002   37.810145450183292     
   8.8699997759249527E-002   37.828468134607142     
   8.8799997756723315E-002   37.847021449476181     
   8.8899997754197102E-002   37.865799964313496     
   8.8999997751670890E-002   37.884798134041205     
   8.9099997749144677E-002   37.904010298903309     
   8.9199997746618465E-002   37.923430684357868     
   8.9299997744092252E-002   37.943053400979743     
   8.9399997741566040E-002   37.962872444414188     
   8.9499997739039827E-002   37.982881695418676     
   8.9599997736513615E-002   38.003074920034258     
   8.9699997733987402E-002   38.023445769920642     
   8.9799997731461190E-002   38.043987782891961     
   8.9899997728934977E-002   38.064694383686820     
   8.9999997726408765E-002   38.085558885002030     
   9.0099997723882552E-002   38.106574488820804     
   9.0199997721356340E-002   38.127734288059507     
   9.0299997718830127E-002   38.149031268557358     
   9.0399997716303915E-002   38.170458311427510     
   9.0499997713777702E-002   38.192008195788134     
   9.0599997711251490E-002   38.213673601884771     
   9.0699997708725277E-002   38.235447114615965     
   9.0799997706199065E-002   38.257321227467294     
   9.0899997703672852E-002   38.279288346858628     
   9.0999997701146640E-002   38.301340796902821     
   9.1099997698620427E-002   38.323470824574507     
   9.1199997696094215E-002   38.345670605280326     
   9.1299997693568002E-002   38.367932248822740     
   9.1399997691041790E-002   38.390247805743762     
   9.1499997688515577E-002   38.412609274033727     
   9.1599997685989365E-002   38.435008606249959     
   9.1699997683463152E-002   38.457437717095935     
   9.1799997680936940E-002   38.479888490465065     
   9.1899997678410728E-002   38.502352787717740     
   9.1999997675884515E-002   38.524822455959722     
   9.2099997673358303E-002   38.547289336481349     
   9.2199997670832090E-002   38.569745273389884     
   9.2299997668305878E-002   38.592182122405255     
   9.2399997665779665E-002   38.614591759787345     
   9.2499997663253453E-002   38.636966091362318     
   9.2599997660727240E-002   38.659297061615455     
   9.2699997658201028E-002   38.681576662818173     
   9.2799997655674815E-002   38.703796944154846     
   9.2899997653148603E-002   38.725950020819063     
   9.2999997650622390E-002   38.748028083044915     
   9.3099997648096178E-002   38.770023405043560     
   9.3199997645569965E-002   38.791928353813923     
   9.3299997643043753E-002   38.813735397796954     
   9.3399997640517540E-002   38.835437115346544     
   9.3499997637991328E-002   38.857026202988287     
   9.3599997635465115E-002   38.878495483441647     
   9.3699997632938903E-002   38.899837913380267     
   9.3799997630412690E-002   38.921046590907913     
   9.3899997627886478E-002   38.942114762729766     
   9.3999997625360265E-002   38.963035830998791     
   9.4099997622834053E-002   38.983803359820364     
   9.4199997620307840E-002   39.004411081400221     
   9.4299997617781628E-002   39.024852901819941     
   9.4399997615255415E-002   39.045122906430954     
   9.4499997612729203E-002   39.065215364855007     
   9.4599997610202990E-002   39.085124735583911     
   9.4699997607676778E-002   39.104845670171962     
   9.4799997605150566E-002   39.124373017017078     
   9.4899997602624353E-002   39.143701824727614     
   9.4999997600098141E-002   39.162827345073737     
   9.5099997597571928E-002   39.181745035524308     
   9.5199997595045716E-002   39.200450561371547     
   9.5299997592519503E-002   39.218939797446730     
   9.5399997589993291E-002   39.237208829432198     
   9.5499997587467078E-002   39.255253954777096     
   9.5599997584940866E-002   39.273071683222518     
   9.5699997582414653E-002   39.290658736946789     
   9.5799997579888441E-002   39.308012050339940     
   9.5899997577362228E-002   39.325128769418420     
   9.5999997574836016E-002   39.342006250891181     
   9.6099997572309803E-002   39.358642060891363     
   9.6199997569783591E-002   39.375033973383893     
   9.6299997567257378E-002   39.391179968266414     
   9.6399997564731166E-002   39.407078229174381     
   9.6499997562204953E-002   39.422727141007591     
   9.6599997559678741E-002   39.438125287191745     
   9.6699997557152528E-002   39.453271446691282     
   9.6799997554626316E-002   39.468164590787971     
   9.6899997552100103E-002   39.482803879641949     
   9.6999997549573891E-002   39.497188658650202     
   9.7099997547047678E-002   39.511318454618106     
   9.7199997544521466E-002   39.525192971759552     
   9.7299997541995253E-002   39.538812087541594     
   9.7399997539469041E-002   39.552175848387790     
   9.7499997536942828E-002   39.565284465255559     
   9.7599997534416616E-002   39.578138309102968     
   9.7699997531890403E-002   39.590737906257303     
   9.7799997529364191E-002   39.603083933701349     
   9.7899997526837979E-002   39.615177214289751     
   9.7999997524311766E-002   39.627018711908413     
   9.8099997521785554E-002   39.638609526589818     
   9.8199997519259341E-002   39.649950889596759     
   9.8299997516733129E-002   39.661044158484778     
   9.8399997514206916E-002   39.671890812156342     
   9.8499997511680704E-002   39.682492445915294     
   9.8599997509154491E-002   39.692850766532850     
   9.8699997506628279E-002   39.702967587334228     
   9.8799997504102066E-002   39.712844823315336     
   9.8899997501575854E-002   39.722484486296764     
   9.8999997499049641E-002   39.731888680124108     
   9.9099997496523429E-002   39.741059595921939     
   9.9199997493997216E-002   39.749999507407281     
   9.9299997491471004E-002   39.758710766269665     
   9.9399997488944791E-002   39.767195797623792     
   9.9499997486418579E-002   39.775457095539082     
   9.9599997483892366E-002   39.783497218652258     
   9.9699997481366154E-002   39.791318785866238     
   9.9799997478839941E-002   39.798924472139930     
   9.9899997476313729E-002   39.806317004371870     
   9.9999997473787516E-002   39.813499157381493     
